% Active Set ST4
% 	 Fraction to collapse = 0.0
% 	 Max CG iterations = 32640
% Convergence for CG is ||A'(Ax_{active}-d)|| < 56.161515654948076
% Outer convergence condition grad > -0.0001 
% time 	 ||res|| 	 ||proj grad|| 	 ||Delta x|| 	 Num nonzero


ConvergenceST4 = [
	107	1050280.7800532063	1.3937476020674862E10	128.52173391644868	32639	0
	168	1044119.9167752004	1.3855312497741102E10	1.0479756137981013	32638	0
	199	1042018.7695683421	1.3827334770788624E10	0.5179059287845325	32637	0
	220	1041651.0816995188	1.3822035225074085E10	0.13175453041433607	32636	0
	231	1041408.0175806638	1.381843305626395E10	0.12330785532303012	32635	0
	239	1041327.5693889671	1.3816974798675709E10	0.05985429292127425	32634	0
	246	1041296.3615637786	1.3816303360543266E10	0.03333338076452979	32633	0
	250	1041269.9624024341	1.3815578036754902E10	0.03684786007963687	32632	0
	254	1041263.6103672357	1.3815265116988834E10	0.01200510338419492	32631	0
	257	1041253.2982843529	1.3814971329425913E10	0.023301369995570045	32630	0
	258	1041248.5197876049	1.3814556612041695E10	0.012051598179015254	32629	0
	260	6.833566438340757	140.10751624921662	123.83246094927054	582	1
	261	6.833566438340757	140.10751624921662	0.0	582	1
	263	6.833566438340757	140.10751624921662	0.0	582	1
	264	6.833566438340757	140.10751624921662	0.0	582	1
	266	6.833566438340757	140.10751624921662	0.0	582	1
	267	6.833566438340757	140.10751624921662	0.0	582	1
	269	6.833566438340757	140.10751624921662	0.0	582	1
	270	6.833566438340757	140.10751624921662	0.0	582	1
	271	6.833566438340757	140.10751624921662	0.0	582	1
	273	6.833566438340757	140.10751624921662	0.0	582	1
	274	6.833566438340757	140.10751624921662	0.0	582	1
	275	6.833566438340757	140.10751624921662	0.0	582	1
	277	6.833566438340757	140.10751624921662	0.0	582	1
	278	6.833566438340757	140.10751624921662	0.0	582	1
	280	6.833566438340757	140.10751624921662	0.0	582	1
	282	6.833566438340757	140.10751624921662	0.0	582	1
	283	6.833566438340757	140.10751624921662	0.0	582	1
	284	6.833566438340757	140.10751624921662	0.0	582	1
	286	6.833566438340757	140.10751624921662	0.0	582	1
	287	6.833566438340757	140.10751624921662	0.0	582	1
	289	6.833566438340757	140.10751624921662	0.0	582	1
	290	6.833566438340757	140.10751624921662	0.0	582	1
	292	6.832385289216456	54.70602670258005	3.01607530264442E-4	603	1
	294	6.832385289216456	54.70602670258005	0.0	603	1
	296	6.832385289216456	54.70602670258005	0.0	603	1
	297	6.832385289216456	54.70602670258005	0.0	603	1
	298	6.832385289216456	54.70602670258005	0.0	603	1
	300	6.832385289216456	54.70602670258005	0.0	603	1
	301	6.832385289216456	54.70602670258005	0.0	603	1
	302	6.832385289216456	54.70602670258005	0.0	603	1
	304	6.832385289216456	54.70602670258005	0.0	603	1
	305	6.832385289216456	54.70602670258005	0.0	603	1
	306	6.832385289216456	54.70602670258005	0.0	603	1
	308	6.832385289216456	54.70602670258005	0.0	603	1
	309	6.832385289216456	54.70602670258005	0.0	603	1
	311	6.832385289216456	54.70602670258005	0.0	603	1
	312	6.832385289216456	54.70602670258005	0.0	603	1
	314	6.832385289216456	54.70602670258005	0.0	603	1
	315	6.832385289216456	54.70602670258005	0.0	603	1
	317	6.832385289216456	54.70602670258005	0.0	603	1
	318	6.832385289216456	54.70602670258005	0.0	603	1
	319	6.832385289216456	54.70602670258005	0.0	603	1
	321	6.832385289216456	54.70602670258005	0.0	603	1
	322	6.832385289216456	54.70602670258005	0.0	603	1
	323	6.832385289216456	54.70602670258005	0.0	603	1
	325	6.832385289216456	54.70602670258005	0.0	603	1
	326	6.832385289216456	54.70602670258005	0.0	603	1
	327	6.832385289216456	54.70602670258005	0.0	603	1
	329	6.832385289216456	54.70602670258005	0.0	603	1
	330	6.832385289216456	54.70602670258005	0.0	603	1
	332	6.832385289216456	54.70602670258005	0.0	603	1
	333	6.832385289216456	54.70602670258005	0.0	603	1
	335	6.832385289216456	54.70602670258005	0.0	603	1
	336	6.832385289216456	54.70602670258005	0.0	603	1
	337	6.832385289216456	54.70602670258005	0.0	603	1
	339	6.832385289216456	54.70602670258005	0.0	603	1
	340	6.832385289216456	54.70602670258005	0.0	603	1
	341	6.832385289216456	54.70602670258005	0.0	603	1
	343	6.832385289216456	54.70602670258005	0.0	603	1
	344	6.832385289216456	54.70602670258005	0.0	603	1
	346	6.832385289216456	54.70602670258005	0.0	603	1
	347	6.832385289216456	54.70602670258005	0.0	603	1
	350	6.832385289216456	54.70602670258005	0.0	603	1
	351	6.832385289216456	54.70602670258005	0.0	603	1
	353	6.832385289216456	54.70602670258005	0.0	603	1
	354	6.832385289216456	54.70602670258005	0.0	603	1
	356	6.832385289216456	54.70602670258005	0.0	603	1
	357	6.832385289216456	54.70602670258005	0.0	603	1
	358	6.832385289216456	54.70602670258005	0.0	603	1
	360	6.832385289216456	54.70602670258005	0.0	603	1
	361	6.832385289216456	54.70602670258005	0.0	603	1
	362	6.832385289216456	54.70602670258005	0.0	603	1
	364	6.832385289216456	54.70602670258005	0.0	603	1
	365	6.832385289216456	54.70602670258005	0.0	603	1
	367	6.832385289216456	54.70602670258005	0.0	603	1
	368	6.832385289216456	54.70602670258005	0.0	603	1
	370	6.832385289216456	54.70602670258005	0.0	603	1
	378	6.832385289216456	54.70602670258005	0.0	603	1
	380	6.832385289216456	54.70602670258005	0.0	603	1
	382	6.832385289216456	54.70602670258005	0.0	603	1
	384	6.832385289216456	54.70602670258005	0.0	603	1
	385	6.832385289216456	54.70602670258005	0.0	603	1
	387	6.832385289216456	54.70602670258005	0.0	603	1
	389	6.832385289216456	54.70602670258005	0.0	603	1
	390	6.832385289216456	54.70602670258005	0.0	603	1
	391	6.832385289216456	54.70602670258005	0.0	603	1
	393	6.832385289216456	54.70602670258005	0.0	603	1
	394	6.832385289216456	54.70602670258005	0.0	603	1
	396	6.832385289216456	54.70602670258005	0.0	603	1
	397	6.832385289216456	54.70602670258005	0.0	603	1
	399	6.832385289216456	54.70602670258005	0.0	603	1
	403	6.832385289216456	54.70602670258005	0.0	603	1
	405	6.832385289216456	54.70602670258005	0.0	603	1
	406	6.832385289216456	54.70602670258005	0.0	603	1
	407	6.832385289216456	54.70602670258005	0.0	603	1
	409	6.832385289216456	54.70602670258005	0.0	603	1
	410	6.832385289216456	54.70602670258005	0.0	603	1
	411	6.832385289216456	54.70602670258005	0.0	603	1
	413	6.832385289216456	54.70602670258005	0.0	603	1
	414	6.832385289216456	54.70602670258005	0.0	603	1
	416	6.832385289216456	54.70602670258005	0.0	603	1
	417	6.832385289216456	54.70602670258005	0.0	603	1
	419	6.832385289216456	54.70602670258005	0.0	603	1
	420	6.832385289216456	54.70602670258005	0.0	603	1
	422	6.832385289216456	54.70602670258005	0.0	603	1
	424	6.832385289216456	54.70602670258005	0.0	603	1
	425	6.832385289216456	54.70602670258005	0.0	603	1
	427	6.832385289216456	54.70602670258005	0.0	603	1
	428	6.832385289216456	54.70602670258005	0.0	603	1
	430	6.832385289216456	54.70602670258005	0.0	603	1
	431	6.832385289216456	54.70602670258005	0.0	603	1
	433	6.832385289216456	54.70602670258005	0.0	603	1
	434	6.832385289216456	54.70602670258005	0.0	603	1
	436	6.832385289216456	54.70602670258005	0.0	603	1
	437	6.832385289216456	54.70602670258005	0.0	603	1
	439	6.832385289216456	54.70602670258005	0.0	603	1
	440	6.832385289216456	54.70602670258005	0.0	603	1
	442	6.832385289216456	54.70602670258005	0.0	603	1
	443	6.832385289216456	54.70602670258005	0.0	603	1
	444	6.832385289216456	54.70602670258005	0.0	603	1
	446	6.832385289216456	54.70602670258005	0.0	603	1
	447	6.832385289216456	54.70602670258005	0.0	603	1
	449	6.832385289216456	54.70602670258005	0.0	603	1
	450	6.832385289216456	54.70602670258005	0.0	603	1
	452	6.832385289216456	54.70602670258005	0.0	603	1
	453	6.832385289216456	54.70602670258005	0.0	603	1
	454	6.832385289216456	54.70602670258005	0.0	603	1
	456	6.832385289216456	54.70602670258005	0.0	603	1
	457	6.832385289216456	54.70602670258005	0.0	603	1
	458	6.832385289216456	54.70602670258005	0.0	603	1
	460	6.832385289216456	54.70602670258005	0.0	603	1
	461	6.832385289216456	54.70602670258005	0.0	603	1
	463	6.832385289216456	54.70602670258005	0.0	603	1
	464	6.832385289216456	54.70602670258005	0.0	603	1
