% Active Set ST4
% 	 Fraction to collapse = 0.6
% 	 Max CG iterations = 32640
% Convergence for CG is ||A'(Ax_{active}-d)|| < 56.161515654948076
% Outer convergence condition grad > -0.0001 
% time 	 ||res|| 	 ||proj grad|| 	 ||Delta x|| 	 Num nonzero


ConvergenceST4 = [
	8536	502050.24791260966	6.6585550725832615E9	153.92796329579198	32639	0
	17090	461281.4276110298	6.116558865267478E9	4.236439056168767	32638	0
	23677	450043.3321667024	5.966936773946485E9	1.3287563363060082	32637	0
	29588	445299.97269200615	5.903649783723395E9	0.6462625656150778	32636	0
	34929	443256.962814455	5.876442430404786E9	0.3238153488277222	32635	0
	39304	441833.7839704024	5.857475782429361E9	0.26292758019283596	32634	0
	43094	440959.84269480966	5.845672322723366E9	0.1901622414496903	32633	0
	46328	440586.53735190135	5.840541899445067E9	0.0967934922313781	32632	0
	49229	440334.30156047374	5.837173820901046E9	0.077699259858891	32631	0
	55277	440123.0575453973	5.834351714710744E9	0.07689763068190208	32630	0
	59708	439916.5291943455	5.831523328181375E9	0.08931661578578529	32629	0
	62274	439802.1366450669	5.829937300076526E9	0.05952169345090477	32628	0
	63878	439748.3166011132	5.829050409853769E9	0.033982295231357436	32627	0
	65317	439721.2358637416	5.828522257503462E9	0.020584898862208763	32626	0
	67077	439697.4168896096	5.82803462751696E9	0.021078556867165917	32625	0
	68099	439680.5124566549	5.827808452567099E9	0.018137466168111707	32624	0
	68959	439680.5124566549	5.827808452567099E9	0.0	32624	0
	69724	439680.5124566549	5.827808452567099E9	0.0	32624	0
	70411	439680.1357053433	5.827803327234575E9	6.657246244982835E-4	32623	0
	71042	439669.9005644178	5.827496773136125E9	0.021726378849808634	32622	0
	71593	439665.7208899755	5.82744060505489E9	0.010230385241766626	32621	0
	72065	439659.00010208593	5.827181795839192E9	0.01887031461920685	32620	0
	72462	439654.97409069166	5.827128333352757E9	0.012726267571843917	32619	0
	72857	439651.6186124034	5.826914928632836E9	0.011915452746998572	32618	0
	73301	439646.0737988448	5.826841335209556E9	0.02163386662055981	32617	0
	73711	439645.16314082727	5.826829274097221E9	0.003870426183870664	32616	0
	74121	439645.16314082727	5.826829274097221E9	0.0	32616	0
	74461	439641.5240410378	5.826781240362623E9	0.017697061895552233	32615	0
	74755	439640.0590451372	5.826761527041586E9	0.007443139520951823	32614	0
	74939	439640.0590451372	5.826761527041586E9	0.0	32614	0
	75061	439639.41850608867	5.826753062930802E9	0.0033053148501258904	32613	0
	75143	439639.17246127967	5.826749795798906E9	0.0012710080636608085	32612	0
	75154	6.796917554556606	29.98373295385371	78.40496162975403	512	1
	75704	6.799015868630176	96.01154832992448	0.004955325894385722	512	0
	75960	6.894419743860932	461.0789089237737	0.01585198192272964	511	0
	76078	6.894419743860932	461.0789089237737	0.0	511	0
	76150	6.7869097554400355	23.832076858493544	0.010507119053575268	506	1
	76570	6.784640031066714	15.660641343340249	0.012631318668091222	506	1
	76942	6.795032126440086	163.43608836901038	0.012233320390093455	506	0
	77104	6.803406573829809	207.95986709384042	0.002868218212943073	505	0
	77199	6.780347539646575	14.504566221175521	0.006906331829701998	503	1
	77567	6.779653547819441	15.918578565739399	0.0031410585649572983	503	0
	77718	6.77963376396996	43.27332174899997	0.005055425352782775	502	0
	77808	6.778240620274484	11.379799537867912	0.005965216301389561	499	1
	78187	6.776519022541633	10.650636075009816	0.010877637621139849	498	1
	78559	6.776399813216205	6.624895055995486	8.958812703272374E-4	498	0
	78735	6.776105900349452	9.189147931760775	0.0028210104365725577	497	1
	79102	6.7758131189427315	14.652930513323536	0.0036316803330178867	497	0
	79225	6.775840822869868	17.751760509285916	7.714936045967432E-4	496	0
	79260	6.775651890621495	8.873900811986303	6.266992211877671E-4	495	1
	79591	6.775258210277873	7.371597383398008	0.004037306438309541	495	1
	79888	6.774925724223525	7.189345662127197	0.004970936161367918	495	1
	80265	6.773431948724319	7.178881465494647	0.01771418906667392	495	1
	80462	6.773175439579048	6.418347500583839	0.005711674065021954	496	1
	80848	6.773061595571282	5.861871743586289	0.001325650583829476	496	0
	80930	6.772801730734858	5.891976601757989	0.005555861545322375	493	1
	81263	6.772429425283833	5.417245756219161	0.009215252165491544	493	1
	81553	6.772229300690927	5.158660193447943	0.0035574539059744785	493	1
	81700	6.771718013280336	5.082500369211902	0.010100494089048246	494	1
	81894	6.771102461458586	4.279126732938344	0.01948646022278344	495	1
	82119	6.77098828509718	3.904763519398603	0.004314716750142097	495	1
	82268	6.770750586969438	3.5930041958135805	0.007309214554890517	496	1
	82544	6.770727360587598	3.5400297477530125	3.5845899186481356E-4	496	0
	82633	6.770560015920716	3.371663510147793	0.005197336095340669	495	1
	82791	6.770306169200204	3.339066968234845	0.00934211952626944	496	1
	82944	6.770263010157275	3.281465875622812	0.0016029629724788347	497	1
	83305	6.77012989402747	3.2130723814675646	0.005657953732727549	497	1
	83606	6.770474347784122	8.906382438496172	0.015576763800999333	497	0
	83687	6.76976139951421	3.1325264879118717	0.0038156619270117635	496	1
	83962	6.7696575935140695	3.047880545874437	0.004537127210940471	496	1
	84105	6.769466803636637	2.71930587911672	0.010875811596390379	497	1
	84496	6.769869946054681	27.688259632313102	0.005569398388538994	497	0
	84547	6.769291503335531	2.615249221531827	0.0014036787754052025	496	1
	84860	6.769076367462924	2.5408519832792513	0.008525661468361498	496	1
	85222	6.768936911881123	2.422924812437757	0.005976110247580347	496	1
	85522	6.768886032502465	2.354304124431026	0.0019357861535962383	496	1
	85670	6.768748323459004	2.240457522637791	0.008234044152230063	497	1
	85815	6.7687018349591686	2.157784889851833	0.002248779888598389	498	1
	86234	6.771830395744101	55.714031799796956	0.019807309471279174	498	0
	86366	6.774058296313434	70.7423510973664	0.005201142769439799	497	0
	86471	6.768040494461018	2.117015289193008	0.005159851122063508	495	1
	86606	6.767929545928166	2.0761503008316664	0.00625055428306442	496	1
	86828	6.767620113550824	1.924977391705776	0.01904104035060129	496	1
	87009	6.767420316024465	1.939494236604311	0.011808728046855219	497	1
	87169	6.767229269331978	1.906474070762859	0.0115593784546298	498	1
	87305	6.767176076886187	1.8756725694398875	0.0034306695118567886	499	1
	87466	6.7670474093130055	1.9025299007275558	0.007724653354748022	500	1
	87717	6.766963555184872	1.8109368256982874	0.005814291957582036	500	1
	87878	6.766849202379601	1.7922738846227206	0.007948952660004742	501	1
	88032	6.7665758206704085	1.7223288156063055	0.023147112920739295	502	1
	88205	6.766512028122745	1.6774980725230502	0.005541977681392154	503	1
	88541	6.767366563993925	25.99860855134198	0.02790853572586825	503	0
	88637	6.767448742617688	26.707665492619043	8.39253790748079E-4	502	0
	88700	6.76610857082847	1.6479543817706552	0.002345852966238135	501	1
	88873	6.766045606762484	1.511282931771907	0.007590036142846396	502	1
	89220	6.765986375851675	1.5007927901934497	0.004593925940775836	502	1
	89373	6.765804603278827	1.443444724739865	0.013319949052359628	503	1
	89534	6.765778965790536	1.4181366230708015	0.002366613086655275	504	1
	89734	6.7657706139790195	1.401785424206652	7.981596851647626E-4	504	1
	90011	6.7657304360861374	1.3137320910619374	0.004442546595390524	504	1
	90119	6.7657024711393685	1.217739708799846	0.0036694618528800523	505	1
	90313	6.765624014638776	1.1294247352975735	0.010575207941756263	506	1
	90475	6.765593512046937	1.078413927740296	0.004028228500527853	507	1
	90601	6.7655892350598315	1.078345311145239	5.484600852800584E-4	508	1
	90732	6.76558265620499	1.0278224201229011	8.458730616298717E-4	509	1
	90853	6.765573601377353	0.9951219922272242	0.0013779766079795811	510	1
	90995	6.765560967297214	0.9898295554977892	0.0014691469838710193	511	1
	91282	6.765459578293801	0.9676738365022491	0.01586641185985231	511	1
	91562	6.765354954952924	0.9553985469311191	0.013416241562684585	511	1
