% Active Set ST4
% 	 Fraction to collapse = 0.6
% 	 Max CG iterations = 32640
% Convergence for CG is ||A'(Ax_{active}-d)|| < 56.161515654948076
% Outer convergence condition grad > -0.0001 
% Using insertion heuristic = false
% time 	 ||res|| 	 ||proj grad|| 	 ||Delta x|| 	 Num nonzero 	 fractionToCollapse


ST4_60 = [
	9423	502139.7508627881	6.659754495590896E9	153.92794814643895	32639	0.6	0
	18572	461365.8444145465	6.117691815112672E9	4.236716707326513	32638	0.6	0
	25750	450126.3844596947	5.968052005238861E9	1.3288282499207384	32637	0.6	0
	31999	445382.5408932598	5.904758746559847E9	0.6463083226258721	32636	0.6	0
	37383	443339.04677353153	5.877545176359589E9	0.3238415137532983	32635	0.6	0
	41961	441916.22018483875	5.858583340896544E9	0.26292268503440147	32634	0.6	0
	45925	441045.9471130609	5.846828799448402E9	0.18914681603254888	32633	0.6	0
	49364	440675.2111676511	5.84173258316097E9	0.09617648267917063	32632	0.6	0
	52365	440421.8132317978	5.838348999265163E9	0.07811102360341927	32631	0.6	0
	55174	440209.71330331964	5.8355155844954195E9	0.07715401619337282	32630	0.6	0
	57499	440041.1155168306	5.833183448005021E9	0.07228796504466546	32629	0.6	0
	59479	439931.0749972292	5.831643490795458E9	0.05628211360808642	32628	0.6	0
	61111	439869.10732483654	5.830647600143331E9	0.038298352486522504	32627	0.6	0
	62522	439837.93663867994	5.83006469546249E9	0.022788964077235366	32626	0.6	0
	63764	439822.83579043933	5.829706782924854E9	0.013246427508669608	32625	0.6	0
	64820	439800.76316373155	5.829403480030985E9	0.02343157609925843	32624	0.6	0
	65683	439794.69212586567	5.829322260682349E9	0.0074708108718278135	32623	0.6	0
	66432	439789.556968008	5.829253629132266E9	0.007726366414386505	32622	0.6	0
	67071	439786.1269349533	5.829189821680678E9	0.00606103884839258	32621	0.6	0
	67670	439778.6655353586	5.829089220934079E9	0.015496956341092423	32620	0.6	0
	68208	439768.62762505835	5.828954854917568E9	0.024450685126087834	32619	0.6	0
	68710	439761.9689117938	5.828866327166039E9	0.01881171795998938	32618	0.6	0
	69141	439759.81557693606	5.82883735061155E9	0.007162408663540085	32617	0.6	0
	69517	439757.27695940575	5.828646506151774E9	0.009168203615321389	32616	0.6	0
	69826	439755.11998015613	5.828462916520652E9	0.008639311507920551	32615	0.6	0
	70121	439753.4249538861	5.828440484546184E9	0.007455169576345108	32614	0.6	0
	70377	439752.5310693113	5.8284286511476145E9	0.00439441444128533	32613	0.6	0
	70681	439750.3020432721	5.828399145096397E9	0.011766566486545628	32612	0.6	0
	70887	439748.7125217842	5.828372014896856E9	0.008542013422246876	32611	0.6	0
	71031	439748.4469829814	5.828368485758237E9	0.0014326500999627186	32610	0.6	0
	71164	439748.06272170256	5.828363389528917E9	0.002091782394401608	32609	0.6	0
	71265	439748.06128934096	5.82836334276121E9	7.838887759770163E-6	32608	0.6	0
	71348	439747.9077785576	5.828361289677006E9	8.497948216211371E-4	32607	0.6	0
	179176280	6.797705726938567	30.749509216783466	78.40493695822377	495	0.6	1
	179176836	6.855515522693597	342.16238444934146	0.0190469187234387	495	0.6	0
	179177026	6.899526148962576	444.2848318401266	0.005389418504102049	494	0.6	0
	179177131	6.787451125543465	23.997633586383966	0.009848778762363439	491	0.6	1
	179177544	6.786169814295461	34.405458304257365	0.004338759232156785	491	0.6	0
	179177663	6.790342117438487	119.69186683454434	0.010423033045651427	490	0.6	0
	179177771	6.782851189874473	22.803484048128077	0.004827771231310063	489	0.6	1
	179178216	6.781757010080482	12.521391024159335	0.003940738927072731	489	0.6	0
	179178378	6.7811964290669975	25.061658660543035	0.004582193683480896	488	0.6	0
	179178459	6.780626883468332	15.290329245011947	0.004078457493439666	487	0.6	1
	179178808	6.778584046278571	7.832013666205385	0.01131763397085375	487	0.6	0
	179178890	6.77847982877374	11.136327916434654	0.002935396811653697	486	0.6	1
	179179251	6.776767144343687	10.448787897442463	0.010842209699777807	485	0.6	1
	179179592	6.7768726748277075	21.643103548947813	0.0026183589429486964	485	0.6	0
	179179648	6.776416002250062	9.176677590104802	8.60198688484064E-4	484	0.6	1
	179180010	6.7761532656241386	16.35986303740185	0.0036464493786295214	484	0.6	0
	179180135	6.775967618637253	8.763237611387304	0.001275702038751817	483	0.6	1
	179180453	6.775546264799676	7.49668483631548	0.004275652087445917	483	0.6	1
	179180638	6.77521149063465	7.315971256456876	0.004978412768656323	484	0.6	1
	179181013	6.773554508311309	7.02713860860191	0.01881811454136035	484	0.6	1
	179181205	6.773297556098294	6.2326590736927345	0.005723699178629057	485	0.6	1
	179181582	6.772940546126529	5.754549643557334	0.006839847752232622	485	0.6	1
	179181851	6.772704265098374	5.406116225550288	0.0040399128084313	485	0.6	1
	179181992	6.772197838788506	5.365206615548374	0.010047544092645062	486	0.6	1
	179182174	6.771580584426354	4.608109174826827	0.019310732612806414	487	0.6	1
	179182328	6.771337783763817	4.323417286135205	0.0073878671702620816	488	0.6	1
	179182602	6.7713215672997356	4.292996191049438	2.514331792911183E-4	488	0.6	0
	179182690	6.771152092359098	4.157091150121882	0.005233172253593765	487	0.6	1
	179182985	6.77106868259106	3.9426296961370655	0.00241322347651255	487	0.6	0
	179183096	6.771052424315904	4.2581142883932195	0.0010493448468854708	486	0.6	1
	179183377	6.770885199613542	3.786945678294754	0.004013054629658581	486	0.6	1
	179183527	6.770626471645214	3.7523767586375327	0.00943170472976644	487	0.6	1
	179183694	6.770497579992209	3.5197793216995183	0.003096008857905311	488	0.6	1
	179183848	6.770400042267055	3.445761391508512	0.0036771589342814927	489	0.6	1
	179184003	6.770356163922485	3.388317775898041	0.0016159882364075958	490	0.6	1
	179184372	6.770227127410723	3.3257419611489714	0.0055741406542361574	490	0.6	1
	179184641	6.770125069174847	3.251227440642785	0.004452385241079113	490	0.6	1
	179184935	6.770468225942988	8.937449289919142	0.013743134989555246	490	0.6	0
	179185018	6.769796921262338	3.1826905391456926	0.003663256123559917	489	0.6	1
	179185159	6.7696158385307035	2.856345391318677	0.00913543702781305	490	0.6	1
	179185537	6.76978815936636	20.702885595229716	0.004307946511083868	490	0.6	0
	179185618	6.769445160440316	2.7659109852010837	0.0022532609078717257	489	0.6	1
	179185938	6.769230160467805	2.6966107194959372	0.008518080381018148	489	0.6	1
	179186086	6.76907471647213	2.586464827988537	0.008856471906280902	490	0.6	1
	179186446	6.768934984146692	2.4698113219233693	0.005959449230978415	490	0.6	1
	179186750	6.768887171163341	2.411252536890264	0.0019175415974095576	490	0.6	1
	179186894	6.7688408301418805	2.333768783759058	0.002245338071846585	491	0.6	1
	179187304	6.771919818345935	55.3113402541508	0.019461889964089957	491	0.6	0
	179187440	6.774045234034887	69.82118698306827	0.0049717611895122	490	0.6	0
	179187548	6.768177489324957	2.2971223679016983	0.005318089648498172	488	0.6	1
	179187671	6.768066448980174	2.258944252359031	0.006254904238367086	489	0.6	1
	179187814	6.767780320087144	2.184085126523899	0.017167785299092457	490	0.6	1
	179188002	6.767669399250792	2.092876156146196	0.006206511006484051	491	0.6	1
	179188242	6.767465909871125	1.9818509518825755	0.01422755518139588	491	0.6	1
	179188421	6.7672684451432366	2.0167088516399643	0.011781802008781874	492	0.6	1
	179188567	6.767181850683514	1.8917309718737552	0.004980977083359436	493	0.6	1
	179188728	6.7670001429986595	1.864936042242476	0.01128892854686182	494	0.6	1
	179188891	6.766876763876728	1.9025739152543653	0.00757458627384907	495	0.6	1
	179189138	6.766792426382588	1.8095048679274972	0.00582753862447833	495	0.6	1
	179189298	6.766677703315761	1.790248711565698	0.007962504075253429	496	0.6	1
	179189581	6.7663937641415455	7.503805852246873	0.02281337544922879	496	0.6	0
	179189703	6.766244924960696	1.7520481680379718	0.004850240075966133	495	0.6	1
	179189976	6.766197806198487	2.328825651302656	0.007322876678905048	495	0.6	0
	179190016	6.766172301784049	1.6208596765548426	0.00140523535321917	494	0.6	1
	179190268	6.766087657266367	1.5526475416727614	0.00646515541451588	494	0.6	1
